% -------------------------------------------------------------------
%  Generated by MATLAB on 2-Jun-2025 13:31:38
%  MATLAB version: 24.2.0.2833386 (R2024b) Update 4
% -------------------------------------------------------------------
                                        

bit_error_rates = ...
  [0.099722 0.0997385 0.10001366666666667 0.09973175 0.100045 0.10012866666666667 ...
   0.099823428571428577 0.099864 0.099997 0.0998744;
   0.0664315 0.07270325 0.0730465 0.072443875 0.0715532 0.070624583333333338 ...
   0.069787714285714286 0.0690264375 0.0683986111111111 0.06790535;
   0.047011333333333336 0.044395166666666666 0.039590555555555552 0.034960666666666668 ...
   0.030439266666666666 0.02672988888888889 0.023424190476190477 0.02074525 ...
   0.01820162962962963 0.016366333333333333;
   0.034019 0.02773225 0.020960833333333335 0.0154685625 0.0114487 0.008427041666666666 ...
   0.0062806785714285716 0.004571625 0.0034491388888888887 0.002638125;
   0.0254988 0.0171669 0.010752733333333334 0.0065179 0.0038946 0.0024416666666666666 ...
   0.0014848857142857144 0.0009434 0.0005394 0.00034514;
   0.011258875 0.00411575 0.0013663333333333333 0.0004385625 0.000135325 ...
   3.4854166666666669E-5 1.2375E-5 4.984375E-6 1.0416666666666667E-6 6.75E-7 ...
   ];

