% -------------------------------------------------------------------
%  Generated by MATLAB on 28-May-2025 11:36:19
%  MATLAB version: 24.2.0.2833386 (R2024b) Update 4
% -------------------------------------------------------------------
                                  

bit_error_rates = ...
  [0.10016800000007951 0.10031300000008901 0.0999640000003336 0.099900499999326486 ...
   0.099991200000443842 0.10004399999979009 0.0998464285709742 0.099907124999706651 ...
   0.1001475555562077 0.10000380000094847;
   0.049768500000039441 0.055577250000047304 0.078376833333410723 0.07074187499980919 ...
   0.069957400000030839 0.070387583333349338 0.069492571428660749 0.069340437499864876 ...
   0.06835316666664111 0.068012700000032289;
   0.033280333333383504 0.043933333333352233 0.037164999999962679 0.037180416666685111 ...
   0.028822400000006538 0.026365444444450489 0.023570857142857518 0.020985083333336107 ...
   0.018466111111115433 0.016160899999999052;
   0.028155000000007504 0.02343612500001873 0.020805083333336572 0.014472750000007807 ...
   0.011140249999998507 0.0082768333333337434 0.006298321428570979 0.0047539687500001157 ...
   0.0034576111111111812 0.0026304249999999571;
   0.008658000000000091 0.012612999999998474 0.0081587333333330118 0.0063565999999992493 ...
   0.0040555999999996621 0.0025452666666666408 0.0014746571428571502 0.000913 ...
   0.00057235555555555672 0.000351399999999999;
   0.012516500000009935 0.0038910000000000875 0.00097795833333335822 0.0003977500000000014 ...
   0.00015600000000000005 3.202083333333333E-5 1.419642857142857E-5 5.4375000000000009E-6 ...
   1.4722222222222221E-6 3.25E-7];

